@number_of_documents 13
@number_of_classes 11
version,1,0,1,0,0,0,0,0,0,0,0,0
branch,2,0,2,0,0,0,0,0,0,0,0,0
csdlo,2,0,2,0,0,0,0,0,0,0,0,0
createus,2,0,2,0,0,0,0,0,0,0,0,0
myrepo,2,0,2,0,0,0,0,0,0,0,0,0
abstract,2,0,2,0,0,0,0,0,0,0,0,0
cdecf,2,0,2,0,0,0,0,0,0,0,0,0
acfa,2,0,2,0,0,0,0,0,0,0,0,0
bdcceb,2,0,2,0,0,0,0,0,0,0,0,0
http,1,0,1,0,0,0,0,0,0,0,0,0
googlecod,1,0,1,0,0,0,0,0,0,0,0,0
anthonynonso,1,0,1,0,0,0,0,0,0,0,0,0
file,1,0,1,0,0,0,0,0,0,0,0,0
eacbd,1,0,1,0,0,0,0,0,0,0,0,0
dcda,1,0,1,0,0,0,0,0,0,0,0,0
cedc,1,0,1,0,0,0,0,0,0,0,0,0
edddf,1,0,1,0,0,0,0,0,0,0,0,0
cours,4,0,0,1,0,1,0,0,1,0,1,0
descript,1,0,0,1,0,0,0,0,0,0,0,0
data,2,0,0,1,0,0,0,0,0,0,0,1
issu,2,0,0,1,0,0,0,1,0,0,0,0
nuclear,1,0,0,1,0,0,0,0,0,0,0,0
scienc,8,0,0,1,1,1,1,1,0,0,1,1
engin,5,0,0,1,0,1,1,0,1,0,0,1
hour,1,0,0,1,0,0,0,0,0,0,0,0
lectur,1,0,0,1,0,0,0,0,0,0,0,0
week,1,0,0,1,0,0,0,0,0,0,0,0
introduct,2,0,0,1,0,0,0,0,1,0,0,0
technic,2,0,0,1,0,0,0,0,1,0,0,0
social,1,0,0,1,0,0,0,0,0,0,0,0
institut,1,0,0,1,0,0,0,0,0,0,0,0
ethic,1,0,0,1,0,0,0,0,0,0,0,0
reaction,1,0,0,1,0,0,0,0,0,0,0,0
radiat,1,0,0,1,0,0,0,0,0,0,0,0
protect,1,0,0,1,0,0,0,0,0,0,0,0
control,1,0,0,1,0,0,0,0,0,0,0,0
energi,2,0,0,1,0,1,0,0,0,0,0,0
product,1,0,0,1,0,0,0,0,0,0,0,0
util,1,0,0,1,0,0,0,0,0,0,0,0
fuel,1,0,0,1,0,0,0,0,0,0,0,0
cycl,1,0,0,1,0,0,0,0,0,0,0,0
reactor,1,0,0,1,0,0,0,0,0,0,0,0
safeti,1,0,0,1,0,0,0,0,0,0,0,0
fusion,1,0,0,1,0,0,0,0,0,0,0,0
wast,1,0,0,1,0,0,0,0,0,0,0,0
medic,2,0,0,1,0,0,0,1,0,0,0,0
applic,1,0,0,1,0,0,0,0,0,0,0,0
nonprolifer,1,0,0,1,0,0,0,0,0,0,0,0
arm,1,0,0,1,0,0,0,0,0,0,0,0
object,1,0,0,1,0,0,0,0,0,0,0,0
introduc,2,0,0,1,0,0,0,0,0,0,0,1
student,7,0,0,1,1,1,1,0,1,1,0,0
fundament,1,0,0,1,0,0,0,0,0,0,0,0
technolog,3,0,0,1,0,1,0,0,0,0,0,1
ground,1,0,0,1,0,0,0,0,0,0,0,0
illustr,1,0,0,1,0,0,0,0,0,0,0,0
specif,1,0,0,1,0,0,0,0,0,0,0,0
exampl,2,0,0,1,0,0,1,0,0,0,0,0
concept,2,0,0,1,0,0,0,0,0,0,0,1
profession,3,0,0,1,0,0,0,1,0,0,0,1
environment,2,0,0,1,0,0,0,1,0,0,0,0
impact,2,0,0,1,1,0,0,0,0,0,0,0
implic,1,0,0,1,0,0,0,0,0,0,0,0
provid,3,0,0,1,0,0,0,0,0,0,1,1
opportun,2,0,0,1,0,1,0,0,0,0,0,0
meet,3,0,0,1,0,0,0,0,1,0,0,1
learn,3,0,0,1,0,0,0,0,0,1,0,0
faculti,3,0,0,1,0,1,0,0,0,0,1,0
nation,2,0,0,1,0,0,0,0,0,0,0,1
laboratori,1,0,0,1,0,0,0,0,0,0,0,0
industri,3,0,0,1,0,1,0,0,0,0,0,1
relat,4,0,0,1,0,1,0,1,0,0,0,1
person,1,0,0,1,0,0,0,0,0,0,0,0
experi,1,0,0,1,0,0,0,0,0,0,0,0
practic,3,0,0,1,0,1,1,0,0,0,0,0
major,3,0,0,1,1,0,0,0,1,0,0,0
topic,3,0,0,1,0,0,1,0,0,0,0,0
area,4,0,0,1,0,1,0,0,0,0,1,0
where,1,0,0,1,0,0,0,0,0,0,0,0
work,5,0,0,1,0,1,0,1,1,0,0,1
includ,3,0,0,1,0,0,1,0,0,0,0,1
fission,1,0,0,1,0,0,0,0,0,0,0,0
system,1,0,0,1,0,0,0,0,0,0,0,0
manag,1,0,0,1,0,0,0,0,0,0,0,0
process,5,0,0,1,1,0,0,0,0,1,0,1
bionuclear,1,0,0,1,0,0,0,0,0,0,0,0
cover,2,0,0,1,0,0,0,0,0,0,0,0
forc,1,0,0,1,0,0,0,0,0,0,0,0
matter,1,0,0,1,0,0,0,0,0,0,0,0
atom,1,0,0,1,0,0,0,0,0,0,0,0
light,1,0,0,1,0,0,0,0,0,0,0,0
structur,2,0,0,1,0,0,0,0,0,0,0,1
isotop,1,0,0,1,0,0,0,0,0,0,0,0
radioact,1,0,0,1,0,0,0,0,0,0,0,0
decai,1,0,0,1,0,0,0,0,0,0,0,0
interact,1,0,0,1,0,0,0,0,0,0,0,0
respons,2,0,0,1,0,0,0,1,0,0,0,0
comparison,1,0,0,1,0,0,0,0,0,0,0,0
sourc,1,0,0,1,0,0,0,0,0,0,0,0
global,1,0,0,1,0,0,0,0,0,0,0,0
flow,1,0,0,1,0,0,0,0,0,0,0,0
pollut,1,0,0,1,0,0,0,0,0,0,0,0
warm,1,0,0,1,0,0,0,0,0,0,0,0
econom,1,0,0,1,0,0,0,0,0,0,0,0
evalu,2,0,0,1,0,0,0,0,0,0,0,1
extern,1,0,0,1,0,0,0,0,0,0,0,0
prolifer,1,0,0,1,0,0,0,0,0,0,0,0
biolog,1,0,0,1,0,0,0,0,0,0,0,0
effect,3,0,0,1,0,0,0,0,0,1,0,1
pathwai,1,0,0,1,0,0,0,0,0,0,0,0
dispers,1,0,0,1,0,0,0,0,0,0,0,0
environ,2,0,0,1,0,0,0,0,0,1,0,0
dosimetri,1,0,0,1,0,0,0,0,0,0,0,0
unit,3,0,0,1,0,1,0,0,0,0,0,1
measur,1,0,0,1,0,0,0,0,0,0,0,0
alara,1,0,0,1,0,0,0,0,0,0,0,0
shield,1,0,0,1,0,0,0,0,0,0,0,0
theori,1,0,0,1,0,0,0,0,0,0,0,0
chain,1,0,0,1,0,0,0,0,0,0,0,0
react,1,0,0,1,0,0,0,0,0,0,0,0
critic,2,0,0,1,0,0,0,0,0,0,0,0
power,1,0,0,1,0,0,0,0,0,0,0,0
transport,1,0,0,1,0,0,0,0,0,0,0,0
convers,1,0,0,1,0,0,0,0,0,0,0,0
advanc,2,0,0,1,0,1,0,0,0,0,0,0
magnet,1,0,0,1,0,0,0,0,0,0,0,0
inerti,1,0,0,1,0,0,0,0,0,0,0,0
confin,1,0,0,1,0,0,0,0,0,0,0,0
plasma,1,0,0,1,0,0,0,0,0,0,0,0
physic,1,0,0,1,0,0,0,0,0,0,0,0
tritium,1,0,0,1,0,0,0,0,0,0,0,0
handl,1,0,0,1,0,0,0,0,0,0,0,0
timet,1,0,0,1,0,0,0,0,0,0,0,0
commerci,1,0,0,1,0,0,0,0,0,0,0,0
mont,1,0,0,1,0,0,0,0,0,0,0,0
carlo,1,0,0,1,0,0,0,0,0,0,0,0
particl,1,0,0,1,0,0,0,0,0,0,0,0
simul,1,0,0,1,0,0,0,0,0,0,0,0
therapi,1,0,0,1,0,0,0,0,0,0,0,0
research,3,0,0,1,0,1,0,1,0,0,0,0
radiographi,1,0,0,1,0,0,0,0,0,0,0,0
neutron,1,0,0,1,0,0,0,0,0,0,0,0
activ,4,0,0,1,0,0,0,0,0,1,0,1
analysi,2,0,0,1,0,0,0,0,0,0,0,1
instrument,1,0,0,1,0,0,0,0,0,0,0,0
steril,1,0,0,1,0,0,0,0,0,0,0,0
date,1,0,0,1,0,0,0,0,0,0,0,0
comput,2,0,0,0,1,0,0,0,0,0,1,0
depart,2,0,0,0,1,1,0,0,0,0,0,0
carnegi,1,0,0,0,1,0,0,0,0,0,0,0
mellon,1,0,0,0,1,0,0,0,0,0,0,0
univers,1,0,0,0,1,0,0,0,0,0,0,0
began,1,0,0,0,1,0,0,0,0,0,0,0
effort,1,0,0,0,1,0,0,0,0,0,0,0
bring,1,0,0,0,1,0,0,0,0,0,0,0
women,1,0,0,0,1,0,0,0,0,0,0,0
undergradu,1,0,0,0,1,0,0,0,0,0,0,0
program,2,0,0,0,1,1,0,0,0,0,0,0
time,1,0,0,0,1,0,0,0,0,0,0,0
enter,1,0,0,0,1,0,0,0,0,0,0,0
freshman,2,0,0,0,1,0,0,0,1,0,0,0
year,2,0,0,0,1,1,0,0,0,0,0,0
percentag,1,0,0,0,1,0,0,0,0,0,0,0
class,2,0,0,0,1,0,1,0,0,0,0,0
increas,1,0,0,0,1,0,0,0,0,0,0,0
fivefold,1,0,0,0,1,0,0,0,0,0,0,0
incom,1,0,0,0,1,0,0,0,0,0,0,0
fall,1,0,0,0,1,0,0,0,0,0,0,0
approxim,1,0,0,0,1,0,0,0,0,0,0,0
tabl,1,0,0,0,1,0,0,0,0,0,0,0
endpoint,1,0,0,0,1,0,0,0,0,0,0,0
number,1,0,0,0,1,0,0,0,0,0,0,0
signifi,1,0,0,0,1,0,0,0,0,0,0,0
begin,1,0,0,0,1,0,0,0,0,0,0,0
crucial,1,0,0,0,1,0,0,0,0,0,0,0
period,1,0,0,0,1,0,0,0,0,0,0,0
transit,1,0,0,0,1,0,0,0,0,0,0,0
face,2,0,0,0,1,0,0,0,0,0,0,0
challeng,1,0,0,0,1,0,0,0,0,0,0,0
ensur,2,0,0,0,1,0,0,1,0,0,0,0
thrive,1,0,0,0,1,0,0,0,0,0,0,0
start,1,0,0,0,1,0,0,0,0,0,0,0
academ,1,0,0,0,1,0,0,0,0,0,0,0
concert,1,0,0,0,1,0,0,0,0,0,0,0
foster,2,0,0,0,1,0,0,0,0,0,0,0
commun,4,0,0,0,1,0,0,1,0,0,0,1
commit,1,0,0,0,1,0,0,0,0,0,0,0
anticip,1,0,0,0,1,0,0,0,0,0,0,0
truli,1,0,0,0,1,0,0,0,0,0,0,0
transform,1,0,0,0,1,0,0,0,0,0,0,0
enhanc,1,0,0,0,1,0,0,0,0,0,0,0
posit,1,0,0,0,1,0,0,0,0,0,0,0
leader,3,0,0,0,1,1,0,0,0,0,0,1
field,3,0,0,0,1,1,0,1,0,0,0,0
strengthen,1,0,0,0,1,0,0,0,0,0,0,0
interest,2,0,0,0,1,0,1,0,0,0,0,0
concern,3,0,0,0,1,1,0,0,1,0,0,0
divers,2,0,0,0,1,1,0,0,0,0,0,0
bodi,2,0,0,0,1,0,0,0,0,0,0,0
public,1,0,0,0,0,1,0,0,0,0,0,0
materi,2,0,0,0,0,1,0,0,0,0,0,1
free,1,0,0,0,0,1,0,0,0,0,0,0
educ,5,0,0,0,0,1,0,1,0,1,1,1
resourc,4,0,0,0,0,1,0,0,0,1,0,1
self,1,0,0,0,0,1,0,0,0,0,0,0
learner,1,0,0,0,0,1,0,0,0,0,0,0
world,2,0,0,0,0,1,0,0,0,0,0,0
trace,1,0,0,0,0,1,0,0,0,0,0,0
histori,1,0,0,0,0,1,0,0,0,0,0,0
found,1,0,0,0,0,1,0,0,0,0,0,0
central,1,0,0,0,0,1,0,0,0,0,0,0
function,1,0,0,0,0,1,0,0,0,0,0,0
conduct,1,0,0,0,0,1,0,0,0,0,0,0
independ,1,0,0,0,0,1,0,0,0,0,0,0
creativ,1,0,0,0,0,1,0,0,0,0,0,0
forefront,1,0,0,0,0,1,0,0,0,0,0,0
largest,1,0,0,0,0,1,0,0,0,0,0,0
kind,1,0,0,0,0,1,0,0,0,0,0,0
state,2,0,0,0,0,1,0,0,0,0,0,1
clearli,1,0,0,0,0,1,0,0,0,0,0,0
share,1,0,0,0,0,1,0,0,0,0,0,0
creat,4,0,0,0,0,1,0,0,0,1,1,1
tradit,2,0,0,0,0,1,0,0,0,0,0,0
excel,1,0,0,0,0,1,0,0,0,0,0,0
known,1,0,0,0,0,1,0,0,0,0,0,0
strong,1,0,0,0,0,1,0,0,0,0,0,0
record,1,0,0,0,0,1,0,0,0,0,0,0
achiev,1,0,0,0,0,1,0,0,0,0,0,0
solidli,1,0,0,0,0,1,0,0,0,0,0,0
base,1,0,0,0,0,1,0,0,0,0,0,0
continu,1,0,0,0,0,1,0,0,0,0,0,0
pioneer,1,0,0,0,0,1,0,0,0,0,0,0
abil,1,0,0,0,0,1,0,0,0,0,0,0
develop,2,0,0,0,0,1,0,0,0,0,0,1
success,1,0,0,0,0,1,0,0,0,0,0,0
incorpor,1,0,0,0,0,1,0,0,0,0,0,0
teach,4,0,0,0,0,1,0,0,0,1,0,1
relationship,1,0,0,0,0,1,0,0,0,0,0,0
frontier,1,0,0,0,0,1,0,0,0,0,0,0
knowledg,1,0,0,0,0,1,0,0,0,0,0,0
draw,1,0,0,0,0,1,0,0,0,0,0,0
background,1,0,0,0,0,1,0,0,0,0,0,0
inde,1,0,0,0,0,1,0,0,0,0,0,0
pervas,1,0,0,0,0,1,0,0,0,0,0,0
live,2,0,0,0,0,1,0,0,0,0,0,0
estim,1,0,0,0,0,1,0,0,0,0,0,0
half,1,0,0,0,0,1,0,0,0,0,0,0
indirect,1,0,0,0,0,1,0,0,0,0,0,0
properti,1,0,0,0,0,1,0,0,0,0,0,0
imag,1,0,0,0,0,1,0,0,0,0,0,0
caption,1,0,0,0,0,1,0,0,0,0,0,0
combust,1,0,0,0,0,1,0,0,0,0,0,0
synthesi,1,0,0,0,0,1,0,0,0,0,0,0
fulleren,1,0,0,0,0,1,0,0,0,0,0,0
nanostructur,1,0,0,0,0,1,0,0,0,0,0,0
us,1,0,0,0,0,0,1,0,0,0,0,0
math,2,0,0,0,0,0,1,0,0,0,0,1
puma,1,0,0,0,0,0,1,0,0,0,0,0
collect,2,0,0,0,0,0,1,0,0,0,0,1
page,1,0,0,0,0,0,1,0,0,0,0,0
taught,1,0,0,0,0,0,1,0,0,0,0,0
set,1,0,0,0,0,0,1,0,0,0,0,0
everydai,2,0,0,0,0,0,1,0,0,0,0,0
life,2,0,0,0,0,0,1,0,0,0,0,0
written,1,0,0,0,0,0,1,0,0,0,0,0
primarili,1,0,0,0,0,0,1,0,0,0,0,0
scientist,2,0,0,0,0,0,1,1,0,0,0,0
avail,2,0,0,0,0,0,1,0,0,0,0,1
teacher,2,0,0,0,0,0,1,0,0,0,0,1
parti,1,0,0,0,0,0,1,0,0,0,0,0
site,2,0,0,0,0,0,1,0,0,1,0,0
network,1,0,0,0,0,0,0,1,0,0,0,0
privat,1,0,0,0,0,0,0,1,0,0,0,0
profit,1,0,0,0,0,0,0,1,0,0,0,0
foundat,2,0,0,0,0,0,0,1,0,0,1,0
support,1,0,0,0,0,0,0,1,0,0,0,0
organ,3,0,0,0,0,0,0,1,0,0,0,1
dedic,1,0,0,0,0,0,0,1,0,0,0,0
encourag,3,0,0,0,0,0,0,1,0,1,0,0
health,1,0,0,0,0,0,0,1,0,0,0,0
practition,1,0,0,0,0,0,0,1,0,0,0,0
contribut,1,0,0,0,0,0,0,1,0,0,0,0
discuss,2,0,0,0,0,0,0,1,1,0,0,0
media,1,0,0,0,0,0,0,1,0,0,0,0
therebi,1,0,0,0,0,0,0,1,0,0,0,0
elev,1,0,0,0,0,0,0,1,0,0,0,0
qualiti,1,0,0,0,0,0,0,1,0,0,0,0
quantiti,1,0,0,0,0,0,0,1,0,0,0,0
report,2,0,0,0,0,0,0,1,0,0,1,0
launch,1,0,0,0,0,0,0,1,0,0,0,0
told,1,0,0,0,0,0,0,1,0,0,0,0
help,3,0,0,0,0,0,0,1,0,0,0,1
train,2,0,0,0,0,0,0,1,0,0,0,1
tool,1,0,0,0,0,0,0,1,0,0,0,0
outreach,2,0,0,0,0,0,0,1,0,0,0,1
keep,1,0,0,0,0,0,0,1,0,0,0,0
other,1,0,0,0,0,0,0,1,0,0,0,0
inform,1,0,0,0,0,0,0,1,0,0,0,0
event,1,0,0,0,0,0,0,1,0,0,0,0
turn,1,0,0,0,0,0,0,1,0,0,0,0
counsel,1,0,0,0,0,0,0,1,0,0,0,0
give,1,0,0,0,0,0,0,1,0,0,0,0
make,3,0,0,0,0,0,0,1,0,1,0,0
plan,1,0,0,0,0,0,0,1,0,0,0,0
manner,1,0,0,0,0,0,0,1,0,0,0,0
understood,1,0,0,0,0,0,0,1,0,0,0,0
accur,2,0,0,0,0,0,0,1,0,0,0,0
ultim,1,0,0,0,0,0,0,1,0,0,0,0
offer,1,0,0,0,0,0,0,1,0,0,0,0
greater,1,0,0,0,0,0,0,1,0,0,0,0
pool,1,0,0,0,0,0,0,1,0,0,0,0
expert,1,0,0,0,0,0,0,1,0,0,0,0
interview,1,0,0,0,0,0,0,1,0,0,0,0
varieti,1,0,0,0,0,0,0,1,0,0,0,0
voic,1,0,0,0,0,0,0,1,0,0,0,0
wider,1,0,0,0,0,0,0,1,0,0,0,0
rang,1,0,0,0,0,0,0,1,0,0,0,0
present,1,0,0,0,0,0,0,0,1,0,0,0
sandwich,1,0,0,0,0,0,0,0,1,0,0,0
checklist,1,0,0,0,0,0,0,0,1,0,0,0
mnemon,1,0,0,0,0,0,0,0,1,0,0,0
introductori,1,0,0,0,0,0,0,0,1,0,0,0
describ,1,0,0,0,0,0,0,0,1,0,0,0
requir,2,0,0,0,0,0,0,0,1,0,0,0
section,2,0,0,0,0,0,0,0,1,1,0,0
graphic,1,0,0,0,0,0,0,0,1,0,0,0
problem,2,0,0,0,0,0,0,0,1,0,0,0
context,1,0,0,0,0,0,0,0,1,0,0,0
fill,1,0,0,0,0,0,0,0,1,0,0,0
submit,1,0,0,0,0,0,0,0,1,0,0,0
space,1,0,0,0,0,0,0,0,1,0,0,0
demonstr,1,0,0,0,0,0,0,0,1,0,0,0
exemplari,1,0,0,0,0,0,0,0,1,0,0,0
prior,1,0,0,0,0,0,0,0,1,0,0,0
assign,1,0,0,0,0,0,0,0,1,0,0,0
keyword,1,0,0,0,0,0,0,0,1,0,0,0
design,2,0,0,0,0,0,0,0,1,0,0,1
collabor,2,0,0,0,0,0,0,0,0,1,0,1
particip,2,0,0,0,0,0,0,0,0,1,0,1
encompass,1,0,0,0,0,0,0,0,0,1,0,0
approach,2,0,0,0,0,0,0,0,0,1,0,0
call,1,0,0,0,0,0,0,0,0,1,0,0
cooper,1,0,0,0,0,0,0,0,0,1,0,0
group,1,0,0,0,0,0,0,0,0,1,0,0
involv,1,0,0,0,0,0,0,0,0,1,0,0
thing,1,0,0,0,0,0,0,0,0,1,0,0
think,2,0,0,0,0,0,0,0,0,1,0,0
reach,1,0,0,0,0,0,0,0,0,1,0,0
engag,1,0,0,0,0,0,0,0,0,1,0,0
final,1,0,0,0,0,0,0,0,0,1,0,0
strategi,2,0,0,0,0,0,0,0,0,1,0,0
plai,1,0,0,0,0,0,0,0,0,1,0,0
role,1,0,0,0,0,0,0,0,0,1,0,0
stori,1,0,0,0,0,0,0,0,0,1,0,0
info,1,0,0,0,0,0,0,0,0,1,0,0
faq,2,0,0,0,0,0,0,0,0,1,0,0
curricular,2,0,0,0,0,0,0,0,0,0,1,1
reform,1,0,0,0,0,0,0,0,0,0,1,0
futur,2,0,0,0,0,0,0,0,0,0,1,1
direct,1,0,0,0,0,0,0,0,0,0,1,0
improv,1,0,0,0,0,0,0,0,0,0,1,0
integr,2,0,0,0,0,0,0,0,0,0,1,1
mathemat,1,0,0,0,0,0,0,0,0,0,1,0
higher,1,0,0,0,0,0,0,0,0,0,1,0
websit,2,0,0,0,0,0,0,0,0,0,1,0
list,1,0,0,0,0,0,0,0,0,0,1,0
download,1,0,0,0,0,0,0,0,0,0,1,0
curriculum,3,0,0,0,0,0,0,0,0,0,1,1
project,1,0,0,0,0,0,0,0,0,0,1,0
held,1,0,0,0,0,0,0,0,0,0,1,0
workshop,2,0,0,0,0,0,0,0,0,0,1,1
subject,1,0,0,0,0,0,0,0,0,0,1,0
order,1,0,0,0,0,0,0,0,0,0,1,0
dialogu,1,0,0,0,0,0,0,0,0,0,1,0
disciplinari,1,0,0,0,0,0,0,0,0,0,1,0
servic,1,0,0,0,0,0,0,0,0,0,1,0
disciplin,2,0,0,0,0,0,0,0,0,0,1,1
microsoft,1,0,0,0,0,0,0,0,0,0,1,0
word,1,0,0,0,0,0,0,0,0,0,1,0
format,1,0,0,0,0,0,0,0,0,0,1,0
compress,1,0,0,0,0,0,0,0,0,0,1,0
full,1,0,0,0,0,0,0,0,0,0,1,0
hous,1,0,0,0,0,0,0,0,0,0,0,1
museum,1,0,0,0,0,0,0,0,0,0,0,1
boston,1,0,0,0,0,0,0,0,0,0,0,1
center,1,0,0,0,0,0,0,0,0,0,0,1
literaci,1,0,0,0,0,0,0,0,0,0,0,1
administr,1,0,0,0,0,0,0,0,0,0,0,1
repres,1,0,0,0,0,0,0,0,0,0,0,1
inspir,2,0,0,0,0,0,0,0,0,0,0,1
gener,1,0,0,0,0,0,0,0,0,0,0,1
innov,1,0,0,0,0,0,0,0,0,0,0,1
nctl,1,0,0,0,0,0,0,0,0,0,0,1
staff,1,0,0,0,0,0,0,0,0,0,0,1
advocaci,1,0,0,0,0,0,0,0,0,0,0,1
standard,1,0,0,0,0,0,0,0,0,0,0,1
leadership,1,0,0,0,0,0,0,0,0,0,0,1
modifi,1,0,0,0,0,0,0,0,0,0,0,1
access,1,0,0,0,0,0,0,0,0,0,0,1
cut,1,0,0,0,0,0,0,0,0,0,0,1
edg,1,0,0,0,0,0,0,0,0,0,0,1
assist,1,0,0,0,0,0,0,0,0,0,0,1
local,1,0,0,0,0,0,0,0,0,0,0,1
addit,1,0,0,0,0,0,0,0,0,0,0,1
assess,1,0,0,0,0,0,0,0,0,0,0,1
onlin,1,0,0,0,0,0,0,0,0,0,0,1
benefit,1,0,0,0,0,0,0,0,0,0,0,1
curricula,1,0,0,0,0,0,0,0,0,0,0,1
elementari,1,0,0,0,0,0,0,0,0,0,0,1
middl,1,0,0,0,0,0,0,0,0,0,0,1
school,1,0,0,0,0,0,0,0,0,0,0,1
classroom,2,0,0,0,0,0,0,0,0,0,0,1
lesson,1,0,0,0,0,0,0,0,0,0,0,1
children,1,0,0,0,0,0,0,0,0,0,0,1
build,2,0,0,0,0,0,0,0,0,0,0,1
algebra,1,0,0,0,0,0,0,0,0,0,0,1
partnership,1,0,0,0,0,0,0,0,0,0,0,1
trainer,1,0,0,0,0,0,0,0,0,0,0,1
model,1,0,0,0,0,0,0,0,0,0,0,1
jointli,1,0,0,0,0,0,0,0,0,0,0,1
understand,2,0,0,0,0,0,0,0,0,0,0,1
core,1,0,0,0,0,0,0,0,0,0,0,1
scientif,1,0,0,0,0,0,0,0,0,0,0,0
action,1,0,0,0,0,0,0,0,0,0,0,0
librari,1,0,0,0,0,0,0,0,0,0,0,0
correct,1,0,0,0,0,0,0,0,0,0,0,0
misconcept,1,0,0,0,0,0,0,0,0,0,0,0
discoveri,1,0,0,0,0,0,0,0,0,0,0,0
satisfi,1,0,0,0,0,0,0,0,0,0,0,0
natur,1,0,0,0,0,0,0,0,0,0,0,0
curios,1,0,0,0,0,0,0,0,0,0,0,0
born,1,0,0,0,0,0,0,0,0,0,0,0
unfortun,1,0,0,0,0,0,0,0,0,0,0,0
instruct,1,0,0,0,0,0,0,0,0,0,0,0
misrepres,1,0,0,0,0,0,0,0,0,0,0,0
fact,1,0,0,0,0,0,0,0,0,0,0,0
memor,1,0,0,0,0,0,0,0,0,0,0,0
rigid,1,0,0,0,0,0,0,0,0,0,0,0
step,1,0,0,0,0,0,0,0,0,0,0,0
procedur,1,0,0,0,0,0,0,0,0,0,0,0
deaden,1,0,0,0,0,0,0,0,0,0,0,0
spirit,1,0,0,0,0,0,0,0,0,0,0,0
inquiri,1,0,0,0,0,0,0,0,0,0,0,0
come,1,0,0,0,0,0,0,0,0,0,0,0
appreci,1,0,0,0,0,0,0,0,0,0,0,0
fascin,1,0,0,0,0,0,0,0,0,0,0,0
intricaci,1,0,0,0,0,0,0,0,0,0,0,0
excit,1,0,0,0,0,0,0,0,0,0,0,0
view,1,0,0,0,0,0,0,0,0,0,0,0
valu,1,0,0,0,0,0,0,0,0,0,0,0
multi,1,0,0,0,0,0,0,0,0,0,0,0
facet,1,0,0,0,0,0,0,0,0,0,0,0
flexibl,1,0,0,0,0,0,0,0,0,0,0,0
cultiv,1,0,0,0,0,0,0,0,0,0,0,0
wai,1,0,0,0,0,0,0,0,0,0,0,0
enthusiast,1,0,0,0,0,0,0,0,0,0,0,0
question,1,0,0,0,0,0,0,0,0,0,0,0
know,1,0,0,0,0,0,0,0,0,0,0,0
fortun,1,0,0,0,0,0,0,0,0,0,0,0
needn,1,0,0,0,0,0,0,0,0,0,0,0
reorgan,1,0,0,0,0,0,0,0,0,0,0,0
entir,1,0,0,0,0,0,0,0,0,0,0,0
simpl,1,0,0,0,0,0,0,0,0,0,0,0
shift,1,0,0,0,0,0,0,0,0,0,0,0
content,1,0,0,0,0,0,0,0,0,0,0,0
differ,1,0,0,0,0,0,0,0,0,0,0,0
overcom,1,0,0,0,0,0,0,0,0,0,0,0
